Total number of cylinders: 
2
Number of slices in each cylinder: 
20 20 
Cylinder  1:
Index, Center, Normal, Radius
1        -1.3425154566700845         4.2025763794794235        -5.0000000000000000         0.0000000000000000         0.0000000000000000         1.0000000000000000         3.0000000000000000
2        -1.3425154566700845         4.2025763794794235        -4.5000000000000000         0.0000000000000000         0.0000000000000000         1.0000000000000000         3.0000000000000000
3        -1.3425154566700845         4.2025763794794235        -4.0000000000000000         0.0000000000000000         0.0000000000000000         1.0000000000000000         3.0000000000000000
4        -1.3425154566700845         4.2025763794794235        -3.5000000000000000         0.0000000000000000         0.0000000000000000         1.0000000000000000         3.0000000000000000
5        -1.3425154566700845         4.2025763794794235        -3.0000000000000000         0.0000000000000000         0.0000000000000000         1.0000000000000000         3.0000000000000000
6        -1.3425154566700845         4.2025763794794235        -2.5000000000000000         0.0000000000000000         0.0000000000000000         1.0000000000000000         3.0000000000000000
7        -1.3425154566700845         4.2025763794794235        -2.0000000000000000         0.0000000000000000         0.0000000000000000         1.0000000000000000         3.0000000000000000
8        -1.3425154566700845         4.2025763794794235        -1.5000000000000000         0.0000000000000000         0.0000000000000000         1.0000000000000000         3.0000000000000000
9        -1.3425154566700845         4.2025763794794235        -1.0000000000000000         0.0000000000000000         0.0000000000000000         1.0000000000000000         3.0000000000000000
10        -1.3425154566700845         4.2025763794794235        -0.5000000000000000         0.0000000000000000         0.0000000000000000         1.0000000000000000         3.0000000000000000
11        -1.3425154566700845         4.2025763794794235         0.0000000000000000         0.0000000000000000         0.0000000000000000         1.0000000000000000         3.0000000000000000
12        -1.3425154566700845         4.2025763794794235         0.5000000000000000         0.0000000000000000         0.0000000000000000         1.0000000000000000         3.0000000000000000
13        -1.3425154566700845         4.2025763794794235         1.0000000000000000         0.0000000000000000         0.0000000000000000         1.0000000000000000         3.0000000000000000
14        -1.3425154566700845         4.2025763794794235         1.5000000000000000         0.0000000000000000         0.0000000000000000         1.0000000000000000         3.0000000000000000
15        -1.3425154566700845         4.2025763794794235         2.0000000000000000         0.0000000000000000         0.0000000000000000         1.0000000000000000         3.0000000000000000
16        -1.3425154566700845         4.2025763794794235         2.5000000000000000         0.0000000000000000         0.0000000000000000         1.0000000000000000         3.0000000000000000
17        -1.3425154566700845         4.2025763794794235         3.0000000000000000         0.0000000000000000         0.0000000000000000         1.0000000000000000         3.0000000000000000
18        -1.3425154566700845         4.2025763794794235         3.5000000000000000         0.0000000000000000         0.0000000000000000         1.0000000000000000         3.0000000000000000
19        -1.3425154566700845         4.2025763794794235         4.0000000000000000         0.0000000000000000         0.0000000000000000         1.0000000000000000         3.0000000000000000
20        -1.3425154566700845         4.2025763794794235         4.5000000000000000         0.0000000000000000         0.0000000000000000         1.0000000000000000         3.0000000000000000
21        -1.3425154566700845         4.2025763794794235         5.0000000000000000         0.0000000000000000         0.0000000000000000         1.0000000000000000         3.0000000000000000
Cylinder  2:
Index, Center, Normal, Radius
1         0.3442525673032817        -3.2043134901126198        -5.0000000000000000         0.0000000000000000         0.0000000000000000         1.0000000000000000         3.9982628893668037
2         0.3442525673032817        -3.2043134901126198        -4.5000000000000000         0.0000000000000000         0.0000000000000000         1.0000000000000000         3.9982628893668037
3         0.3442525673032817        -3.2043134901126198        -4.0000000000000000         0.0000000000000000         0.0000000000000000         1.0000000000000000         3.9982628893668037
4         0.3442525673032817        -3.2043134901126198        -3.5000000000000000         0.0000000000000000         0.0000000000000000         1.0000000000000000         3.9982628893668037
5         0.3442525673032817        -3.2043134901126198        -3.0000000000000000         0.0000000000000000         0.0000000000000000         1.0000000000000000         3.9982628893668037
6         0.3442525673032817        -3.2043134901126198        -2.5000000000000000         0.0000000000000000         0.0000000000000000         1.0000000000000000         3.9982628893668037
7         0.3442525673032817        -3.2043134901126198        -2.0000000000000000         0.0000000000000000         0.0000000000000000         1.0000000000000000         3.9982628893668037
8         0.3442525673032817        -3.2043134901126198        -1.5000000000000000         0.0000000000000000         0.0000000000000000         1.0000000000000000         3.9982628893668037
9         0.3442525673032817        -3.2043134901126198        -1.0000000000000000         0.0000000000000000         0.0000000000000000         1.0000000000000000         3.9982628893668037
10         0.3442525673032817        -3.2043134901126198        -0.5000000000000000         0.0000000000000000         0.0000000000000000         1.0000000000000000         3.9982628893668037
11         0.3442525673032817        -3.2043134901126198         0.0000000000000000         0.0000000000000000         0.0000000000000000         1.0000000000000000         3.9982628893668037
12         0.3442525673032817        -3.2043134901126198         0.5000000000000000         0.0000000000000000         0.0000000000000000         1.0000000000000000         3.9982628893668037
13         0.3442525673032817        -3.2043134901126198         1.0000000000000000         0.0000000000000000         0.0000000000000000         1.0000000000000000         3.9982628893668037
14         0.3442525673032817        -3.2043134901126198         1.5000000000000000         0.0000000000000000         0.0000000000000000         1.0000000000000000         3.9982628893668037
15         0.3442525673032817        -3.2043134901126198         2.0000000000000000         0.0000000000000000         0.0000000000000000         1.0000000000000000         3.9982628893668037
16         0.3442525673032817        -3.2043134901126198         2.5000000000000000         0.0000000000000000         0.0000000000000000         1.0000000000000000         3.9982628893668037
17         0.3442525673032817        -3.2043134901126198         3.0000000000000000         0.0000000000000000         0.0000000000000000         1.0000000000000000         3.9982628893668037
18         0.3442525673032817        -3.2043134901126198         3.5000000000000000         0.0000000000000000         0.0000000000000000         1.0000000000000000         3.9982628893668037
19         0.3442525673032817        -3.2043134901126198         4.0000000000000000         0.0000000000000000         0.0000000000000000         1.0000000000000000         3.9982628893668037
20         0.3442525673032817        -3.2043134901126198         4.5000000000000000         0.0000000000000000         0.0000000000000000         1.0000000000000000         3.9982628893668037
21         0.3442525673032817        -3.2043134901126198         5.0000000000000000         0.0000000000000000         0.0000000000000000         1.0000000000000000         3.9982628893668037
